1001 -116.322817210 33.816908394  94.7
1002 -116.322586288 33.817212777  97.0
1003 -116.322306242 33.817432037  98.1
1005 -116.322026176 33.817861679  96.9
1006 -116.321946926 33.818015240  97.8
1007 -116.321858921 33.818251586  99.1
1008 -116.321742857 33.818424382 100.1
1009 -116.321636191 33.818623951 100.4
1010 -116.321505982 33.818741527 100.9
1011 -116.321427157 33.818941106 101.3
1012 -116.321314521 33.819036687 101.7
1013 -116.321191834 33.819191031 102.2
1014 -116.321064488 33.819354307 103.1
1015 -116.320935980 33.819506921 102.8
1016 -116.320843922 33.819653701 102.4
1018 -116.320601744 33.819955807 102.8
1019 -116.320468853 33.820138391 103.8
1020 -116.320449866 33.820301674 104.5
1021 -116.320296400 33.820438565 105.2
1022 -116.320151975 33.820604710 105.5
1023 -116.319974253 33.820763091 105.8
1024 -116.319824553 33.820863991 106.0
1025 -116.319668659 33.821071688 105.7
1026 -116.319600298 33.821161559 105.6
1027 -116.319500434 33.821338464 105.8
1028 -116.319486453 33.821522591 106.1
1029 -116.319310718 33.821669492 106.7
1030 -116.319156430 33.821782729 107.5
1031 -116.319040553 33.821876991 109.3
1032 -116.318839253 33.822053191 112.3
1033 -116.318819182 33.822208297 112.6
1034 -116.318681651 33.822309952 112.3
1035 -116.318515720 33.822444166 111.9
1036 -116.318317953 33.822601091 112.7
1037 -116.318312253 33.822725291 113.3
1039 -116.318037516 33.822967059 120.8
1040 -116.317878566 33.823139165 119.0
1041 -116.317730582 33.823225278 117.2
1042 -116.317527825 33.823328974 115.1
1043 -116.317347450 33.823462850 116.8
1044 -116.316992897 33.823766748 119.7
1045 -116.316644302 33.823994727 117.3
1046 -116.316314026 33.824260443 119.5
1048 -116.315546827 33.824871798 122.0
1049 -116.315092053 33.825140181 122.0
1050 -116.314621283 33.825475111 125.5
1051 -116.314213853 33.825679671 125.0
1052 -116.313761603 33.826035171 125.5
1053 -116.313378903 33.826261631 126.0
1054 -116.312972843 33.826551421 127.9
1055 -116.312562403 33.826846311 128.6
1056 -116.312216433 33.827183711 129.4
1057 -116.311876083 33.827533841 130.4
1058 -116.311604483 33.827881611 133.4
1059 -116.311373813 33.828249841 135.6
1060 -116.311130243 33.828626451 135.3
1061 -116.310811133 33.829035241 137.1
1062 -116.310534043 33.829448151 137.0
1063 -116.310222993 33.829712581 138.2
1064 -116.309976753 33.830185561 140.4
1065 -116.309872593 33.830401861 141.4
1066 -116.309770103 33.830597121 142.4
1067 -116.309588433 33.830755751 143.9
1069 -116.309437873 33.831053541 145.6
1070 -116.309311223 33.831236861 146.3
1071 -116.309218873 33.831407701 146.7
1072 -116.309093943 33.831527051 148.0
1073 -116.309000813 33.831635081 148.9
1074 -116.308888283 33.831809911 150.0
1075 -116.308801613 33.831986041 150.9
1076 -116.308732013 33.832086331 151.6
1077 -116.308560065 33.832278367 151.2
1078 -116.308449554 33.832422063 150.9
1079 -116.308345957 33.832577479 150.9
1080 -116.308196343 33.832744741 153.2
1082 -116.307964743 33.833061081 155.5
1083 -116.307839363 33.833159776 154.1
1084 -116.307713227 33.833307272 151.9
1085 -116.307586634 33.833456652 152.0
1086 -116.307463526 33.833604701 153.3
1087 -116.307347879 33.833751799 154.8
1088 -116.307208288 33.833902430 156.3
1089 -116.307115781 33.834000996 156.1
1090 -116.307009558 33.834113774 155.8
1091 -116.306882973 33.834213650 156.1
1092 -116.306765586 33.834306561 156.9
1093 -116.306655373 33.834381991 157.1
1094 -116.306556600 33.834498884 158.0
1095 -116.306447743 33.834597191 158.9
1096 -116.306335333 33.834700918 159.7
1097 -116.306225131 33.834796607 160.0
1098 -116.306107719 33.834887511 160.4
1099 -116.306009743 33.834976038 160.7
1100 -116.305893033 33.835102561 161.4
1101 -116.305778804 33.835181577 161.8
1102 -116.305664379 33.835281495 162.4
1103 -116.305577283 33.835395361 163.0
1104 -116.305436173 33.835471531 163.7
1105 -116.305324777 33.835575705 164.3
1106 -116.305155103 33.835729471 165.3
1107 -116.305090643 33.835811201 165.7
1108 -116.304962503 33.835871491 166.1
1110 -116.304795853 33.836097635 166.9
1111 -116.304615033 33.836260037 167.5
1112 -116.304439543 33.836421819 168.8
1113 -116.304277748 33.836575015 170.2
1114 -116.304130138 33.836711276 171.2
1115 -116.303964423 33.836867931 171.7
1116 -116.303867223 33.837042651 172.4
1118 -116.303536263 33.837263311 173.6
1119 -116.303453403 33.837379251 174.3
1121 -116.303138834 33.837665341 176.5
1122 -116.303022679 33.837815158 177.6
1123 -116.302952845 33.837982902 178.7
1124 -116.302930389 33.838157560 179.4
1125 -116.302926193 33.838292661 179.9
1126 -116.302901823 33.838471271 180.2
1127 -116.302846843 33.838659721 180.4
1129 -116.302832353 33.838997431 182.4
1131 -116.302770043 33.839377681 184.7
1133 -116.302621613 33.840271441 187.4
1135 -116.302089193 33.841087581 191.9
1137 -116.301324283 33.841738241 197.6
1139 -116.300500104 33.842215817 202.6
1141 -116.299468053 33.842466811 204.6
1143 -116.298403333 33.842696351 207.4
1145 -116.297107643 33.843321311 211.5
1147 -116.296595722 33.843483157 214.6
1148 -116.295664373 33.844082121 218.2
1149 -116.294825625 33.844527577 224.0
1150 -116.293931737 33.845020188 226.1
1151 -116.293034598 33.845513818 232.7
1901 -116.325385353 33.822128191  98.1
1902 -116.324589453 33.818769591  96.1
1903 -116.323629053 33.820929991  99.8
1904 -116.323298053 33.820062691  99.1
1905 -116.322079553 33.821815791 105.4
1906 -116.320125853 33.822646291 108.7
1908 -116.319145153 33.823330491 114.0
1909 -116.318349953 33.823737191 114.6
1910 -116.318468353 33.820788591 107.5
1911 -116.319161353 33.819784091 101.7
1912 -116.319725153 33.817967291  99.1
1913 -116.317369153 33.819147691 103.3
1914 -116.314590953 33.818361891 110.1
1915 -116.308673833 33.833501491 149.6
1917 -116.307917793 33.834441761 156.6
1919 -116.304810601 33.833304126 162.3
1921 -116.303845325 33.833660696 162.0
1922 -116.302639337 33.833753741 167.3
1923 -116.302939725 33.835238489 168.2
1924 -116.303270794 33.836411537 170.3
1925 -116.305066503 33.836903731 169.1
1926 -116.306440953 33.835791021 164.6
1927 -116.305847993 33.837235661 169.7
2001 -116.321165622 33.818423477 101.3
2002 -116.321059553 33.818569791 101.7
2003 -116.320957511 33.818725148 102.2
2005 -116.320780891 33.819013644 102.7
2006 -116.320635270 33.819172865 103.2
2007 -116.320527170 33.819283381 103.2
2008 -116.320436103 33.819457545 103.1
2009 -116.320318230 33.819640088 103.4
2010 -116.320180672 33.819757549 104.1
2011 -116.320086890 33.819952905 104.6
2012 -116.319995029 33.820104609 105.1
2013 -116.319861074 33.820243366 104.8
2014 -116.319717809 33.820377417 104.4
2015 -116.319628953 33.820508091 104.4
2016 -116.319471043 33.820705975 105.4
2017 -116.319385578 33.820850589 106.0
2018 -116.319256705 33.821035362 106.0
2019 -116.319156469 33.821210037 106.5
2020 -116.319044754 33.821319295 106.9
2021 -116.318914186 33.821487192 108.1
3001 -116.322002961 33.818810083 100.6
3002 -116.321935676 33.818869359 100.6
3003 -116.321731442 33.819075143 100.9
3004 -116.321618541 33.819219293 101.3
3005 -116.321615132 33.819394770 101.9
3006 -116.321421024 33.819491351 102.8
3007 -116.321326838 33.819693019 103.6
3008 -116.321289898 33.819827528 103.3
3009 -116.321105053 33.820000891 102.7
3010 -116.321025842 33.820130397 102.6
3011 -116.320897112 33.820250739 102.9
3012 -116.320799023 33.820381088 103.5
3013 -116.320692436 33.820555964 104.5
3014 -116.320546671 33.820696127 105.2
3015 -116.320465871 33.820817949 105.4
3016 -116.320293461 33.820990795 106.2
3017 -116.320093867 33.821225371 105.9
3018 -116.320040613 33.821336865 105.5
3019 -116.319973796 33.821474971 105.2
3020 -116.319907005 33.821643000 105.2
4001 -116.322346025 33.818964179 100.6
4002 -116.322173853 33.819119213 100.9
4003 -116.322106455 33.819283349 101.1
4004 -116.321968059 33.819408961 101.3
4005 -116.321867949 33.819563021 101.9
4006 -116.321747163 33.819712251 102.8
4007 -116.321607987 33.819894372 103.8
4008 -116.321514612 33.819992947 103.6
4009 -116.321447622 33.820179684 103.7
4010 -116.321334128 33.820320637 103.6
4011 -116.321222378 33.820437187 103.6
4012 -116.321112302 33.820589116 104.1
4013 -116.320997053 33.820718136 104.6
4014 -116.320844928 33.820906789 105.2
4015 -116.320774348 33.821059206 105.9
4016 -116.320680172 33.821172684 106.4
4017 -116.320570324 33.821329296 107.1
4018 -116.320505649 33.821522097 107.0
4019 -116.320336121 33.821612695 106.3
4020 -116.320212876 33.821785238 105.9
4021 -116.320034807 33.821965620 106.1
5001 -116.322726705 33.819157195 100.7
5002 -116.322635085 33.819292479 100.7
5003 -116.322528739 33.819435944 101.2
5004 -116.322441819 33.819572714 101.5
5005 -116.322307267 33.819733116 101.7
5006 -116.322202152 33.819870951 102.3
5007 -116.322067325 33.820026246 103.0
5008 -116.321971546 33.820164032 103.3
5009 -116.321839870 33.820341938 103.8
5010 -116.321711766 33.820502357 104.4
5011 -116.321609491 33.820623647 104.6
5012 -116.321507783 33.820738852 104.7
5013 -116.321385403 33.820911938 105.1
5014 -116.321285467 33.821054444 105.3
5015 -116.321186198 33.821185004 105.4
5016 -116.321090769 33.821311605 106.1
5017 -116.320938404 33.821495403 107.1
5018 -116.320827130 33.821635394 107.9
5019 -116.320729250 33.821830972 107.8
5020 -116.320616460 33.821964524 107.6
5021 -116.320523224 33.822066877 107.4
6001 -116.307235551 33.834289689 156.4
6002 -116.307117240 33.834411942 157.5
6003 -116.307006551 33.834507135 158.4
6004 -116.306899467 33.834596204 158.6
6005 -116.306790887 33.834690487 158.8
6006 -116.306679315 33.834792464 159.0
6007 -116.306561110 33.834893329 159.9
6008 -116.306458578 33.834980748 160.2
6009 -116.306347564 33.835077438 160.8
6010 -116.306239958 33.835171523 161.5
6011 -116.306121097 33.835273237 162.3
6012 -116.306008077 33.835372258 162.5
6013 -116.305906521 33.835466446 162.8
6014 -116.305783406 33.835571400 163.2
6015 -116.305669868 33.835670542 163.8
6016 -116.305556254 33.835769801 164.4
6017 -116.305450709 33.835859711 165.0
6018 -116.305348111 33.835954473 165.6
6019 -116.305237638 33.836048410 166.2
6020 -116.305110397 33.836161934 166.7
6021 -116.305029431 33.836256961 167.0
7001 -116.306770088 33.833924642 156.7
7002 -116.306646348 33.834022839 156.6
7003 -116.306537522 33.834115926 156.6
7004 -116.306429225 33.834211987 157.1
7005 -116.306329321 33.834322582 158.0
7006 -116.306200652 33.834407555 158.8
7007 -116.306087987 33.834507116 159.5
7008 -116.305978255 33.834597702 159.9
7009 -116.305875464 33.834695304 160.2
7010 -116.305761105 33.834786251 160.6
7011 -116.305649351 33.834891611 161.1
7012 -116.305533677 33.834983897 161.7
7013 -116.305428253 33.835080443 162.3
7014 -116.305310342 33.835180901 162.9
7015 -116.305189082 33.835284241 163.6
7016 -116.305081920 33.835375553 164.2
7017 -116.304965597 33.835474679 164.8
7019 -116.304753511 33.835658644 165.7
7020 -116.304646742 33.835772193 166.2
7021 -116.304557644 33.835888757 166.7
8001 -116.306524129 33.833726400 157.9
8002 -116.306401662 33.833817537 157.9
8003 -116.306286793 33.833919098 158.0
8004 -116.306181918 33.834011756 158.1
8005 -116.306072281 33.834128617 158.2
8006 -116.305962129 33.834215393 158.8
8007 -116.305854283 33.834310435 159.3
8008 -116.305738644 33.834405995 159.7
8009 -116.305629690 33.834502479 160.1
8010 -116.305517009 33.834601566 160.4
8011 -116.305401943 33.834703081 161.0
8012 -116.305300407 33.834792971 161.5
8013 -116.305186458 33.834894247 162.2
8014 -116.305069515 33.834993185 162.8
8015 -116.304965463 33.835065131 163.3
8016 -116.304852993 33.835186541 163.8
8017 -116.304735406 33.835286927 164.4
8019 -116.304518493 33.835471701 165.3
8020 -116.304404886 33.835574639 165.8
8021 -116.304288188 33.835671580 166.3
9001 -116.306296972 33.833553951 159.1
9003 -116.306075438 33.833748217 159.1
9004 -116.305972397 33.833844294 159.3
9005 -116.305883073 33.833976791 159.3
9006 -116.305750857 33.834052733 159.4
9007 -116.305659686 33.834156943 159.2
9008 -116.305557513 33.834260343 159.6
9009 -116.305440316 33.834372904 160.0
9010 -116.305354333 33.834502021 160.4
9011 -116.305226246 33.834560737 160.9
9012 -116.305168083 33.834651611 161.3
9013 -116.305014353 33.834754441 162.1
9014 -116.304880250 33.834845786 162.4
9015 -116.304770196 33.834943059 163.0
9016 -116.304643166 33.835031525 163.5
9017 -116.304565203 33.835132061 164.0
9018 -116.304420820 33.835226079 164.5
9019 -116.304318009 33.835326394 165.0
9020 -116.304208854 33.835426942 165.5
9021 -116.304094148 33.835536879 166.0
9101 -116.305453553 33.857863391 238.6
9102 -116.304591353 33.870898891 278.1
9103 -116.294361353 33.878947791 339.5
9104 -116.285740253 33.867434191 324.3
